positive/1646194027.3775582.jpg 3 416 573 119 105 792 569 98 99 681 346 94 96
positive/1646194027.4403899.jpg 3 677 338 116 98 794 557 101 104 412 561 134 112
positive/1646194028.5040977.jpg 3 695 574 107 102 1031 580 101 96 922 361 101 94
positive/1646194029.5334163.jpg 3 984 568 99 94 1329 572 122 112 1200 340 118 105
positive/1646194030.1931763.jpg 3 719 404 99 94 833 620 92 101 455 626 126 107
positive/1646194030.8893154.jpg 3 1086 515 113 98 1217 737 120 116 879 740 99 100
positive/1646194031.4688773.jpg 3 573 420 109 101 691 651 106 102 266 660 141 115
positive/1646194031.5277195.jpg 3 575 409 116 105 695 643 103 105 256 640 158 124
positive/1646194032.0064409.jpg 3 723 397 110 90 579 138 120 114 317 397 143 109
positive/1646194032.8101435.jpg 3 801 470 90 99 1005 244 112 110 1122 481 98 96
positive/1646194032.8640003.jpg 3 796 472 98 94 1013 250 102 104 1121 479 102 99
positive/1646194033.424501.jpg 3 988 454 105 95 1110 676 97 99 770 673 103 97
positive/1646194033.4893272.jpg 3 989 455 99 95 770 676 102 93 1104 675 107 99
positive/1646194045.7025862.jpg 3 691 362 100 103 1125 359 102 104 1132 481 100 84
positive/1646194045.7654183.jpg 3 689 363 105 98 1127 365 104 98 1131 476 98 93
positive/1646194047.3744526.jpg 3 929 364 95 92 926 471 99 95 448 342 125 106
positive/1646194047.4362886.jpg 3 932 471 87 96 926 366 99 94 455 346 119 99
positive/1646194048.5014582.jpg 3 862 470 90 98 857 578 97 97 368 448 117 104
positive/1646194048.5652874.jpg 3 862 475 91 91 858 585 97 86 371 451 115 104
positive/1646194049.4527109.jpg 3 761 490 91 90 1193 487 99 87 1189 592 115 98
positive/1646194049.5175388.jpg 3 765 490 84 90 1191 482 101 93 1187 598 117 91
positive/1646194051.8380027.jpg 3 780 460 82 87 1205 451 100 96 1208 562 105 93
positive/1646194051.8968456.jpg 3 777 460 87 90 1203 456 107 86 1207 565 107 93
positive/1646194052.6490967.jpg 3 814 466 91 90 1244 466 110 87 1242 568 122 106
positive/1646194052.7079391.jpg 3 815 466 93 100 1240 462 115 93 1244 570 121 97
positive/1646194053.5201063.jpg 3 393 440 115 107 872 470 103 91 876 571 96 98
positive/1646194053.5779512.jpg 3 394 443 115 105 871 472 100 90 873 571 101 97
positive/1646194054.1994507.jpg 3 864 544 86 89 854 648 96 99 371 515 116 107
positive/1646194054.2572963.jpg 3 371 516 113 105 852 544 103 96 857 650 92 93
positive/1646194075.439882.jpg 2 354 364 116 99 335 478 141 112
positive/1646194075.5017161.jpg 2 352 355 117 111 338 483 136 107
positive/1646194076.015145.jpg 2 168 508 174 129 139 634 169 150
positive/1646194076.0779707.jpg 2 188 510 142 122 145 647 166 127
positive/1646194077.0001228.jpg 2 152 860 160 137 202 714 154 125
positive/1646194077.0629556.jpg 2 208 715 156 129 156 861 153 133
positive/1646194078.2591662.jpg 2 290 219 155 128 270 77 155 134
positive/1646194078.3219988.jpg 2 271 69 146 148 289 218 148 139
positive/1646194079.2889495.jpg 3 701 219 108 97 1151 211 112 111 1145 325 124 117
positive/1646194079.3478217.jpg 3 706 220 100 99 1160 221 99 98 1151 340 108 93
positive/1646194079.893588.jpg 3 560 538 96 93 1003 554 95 86 1004 653 96 103
positive/1646194079.9574184.jpg 3 557 541 107 96 1007 550 90 95 1007 652 99 101
positive/1646194081.1872456.jpg 3 614 679 99 105 593 797 105 104 1 613 136 137
positive/1646194081.249667.jpg 3 0 604 130 138 611 680 103 97 593 793 110 111
positive/1646194081.3125002.jpg 3 617 685 93 94 595 799 103 108 3 612 134 127
positive/1646194081.9247563.jpg 3 704 842 101 119 1175 850 104 109 1184 980 121 68
positive/1646194081.9875877.jpg 3 696 856 113 98 1174 853 103 103 1186 977 121 71
positive/1646194082.0504198.jpg 3 702 848 108 116 1167 853 116 106 1173 980 139 68
positive/1646194082.7924669.jpg 3 784 520 93 87 1212 514 110 89 1226 621 97 100
positive/1646194083.368494.jpg 3 1232 512 96 90 1822 422 89 139 1845 586 66 124
positive/1646194083.4313252.jpg 3 1227 505 103 93 1833 427 78 133 1854 592 57 116
positive/1646194084.0357091.jpg 3 1190 347 94 91 1771 268 140 138 1764 429 147 130
positive/1646194084.0945532.jpg 3 1186 344 98 96 1773 274 138 131 1765 428 146 131
positive/1646194084.1573837.jpg 3 1189 344 95 96 1766 274 145 132 1762 427 149 132
positive/1646194084.7768524.jpg 3 1192 299 101 101 1196 415 94 89 756 308 85 90
positive/1646194084.8446689.jpg 3 746 304 105 99 1186 301 113 94 1196 412 103 102
